74.7668
1.82475
7.76984
6.42444
0.471997
1.25011
4.18938
2.24286
2.37362
1.6484
4.03685
1.04946
4.10103
3.2676
3.02392
6.53628
6.29759
4.45403
4.93478
4.99751
1.35577
1.34727
1.1298
0.809549
3.53304
12.1561
0.528194
1.14171
4.12432
2.7789
0.750413
1.89474
0.559323
5.61842
1.98299
3.84433
2.18136
0.772402
0.585573
0.197116
5.43813
0.393078
2.62871
1.14043
1.31638
3.62294
6.43699
3.74015
4.62083
12.5666
3.3431
4.39325
2.38227
1.4487
1.31716
1.64097
3.46907
8.95869
1.56197
1.75012
0.407421
6.72068
5.82709
2.76491
1.82205
6.95622
1.74991
3.17481
3.10241
9.97824
3.60124
6.01683
1.91167
1.17266
0.362962
2.63262
1.69367
2.78652
1.03938
1.20745
4.37917
5.20059
0.983272
2.6191
1.56326
4.4073
0.0519352
3.39031
0.262221
0.449718
2.66969
2.19387
1.57395
4.34592
1.57154
1.40426
7.09975
3.27981
2.553
3.45201
1.76932
5.18447
1.21426
1.83895
1.06987
2.3905
1.59561
3.86457
1.567
0.712931
3.60061
3.9415
3.24089
3.7001
0.765401
1.57593
0.495609
2.91839
1.68181
3.82571
5.10381
7.45285
1.08466
4.71149
3.56866
3.12309
0.0248325
3.1948
0.877826
4.46602
1.57133
0.15214
4.77999
1.65552
0.737317
5.59684
5.91137
4.19655
5.74317
2.40007
5.03283
3.4916
1.6641
0.129452
4.39791
0.598037
0.33782
2.54578
4.82382
0.565446
7.88261
1.0322
6.57531
1.32218
2.39784
1.66852
2.56782
3.42932
2.06173
3.38413
2.24349
5.93249
2.0633
0.33786
3.87721
1.95017
2.42373
5.70672
7.41273
1.64149
0.835319
1.74003
4.13133
1.295
5.14941
1.49662
2.20308
1.72634
7.14824
1.7995
1.37123
4.13385
1.34937
0.774024
2.02205
3.56799
0.471456
1.9435
1.10228
6.72829
0.368611
10.561
3.64697
0.919082
1.22593
0.759422
1.9486
1.865
5.07291
2.21418
1.74853
1.67452
7.72142
8.37647
0.141751
1.26846
2.44262
2.24385
1.01086
0.565858
8.91053
2.26046
0.952534
3.31242
4.56268
2.11684
5.58239
1.38114
2.58163
6.07819
1.76801
7.41038
3.95646
2.75149
2.59227
4.31144
1.67477
5.28429
3.16449
0.626607
0.179623
0.783089
0.362578
8.75793
6.12764
0.755649
2.81113
0.37599
2.09088
1.18531
3.05355
9.0236
0.101917
6.82404
3.92556
2.78132
6.42478
1.7477
2.56575
