0.221175
0.167707
0.254897
0.00959526
1.22178
2.04223
0.394759
13.3681
2.23778
1.4596
4.226
0.40396
3.92921
0.595577
0.81867
1.25398
0.984961
3.51445
1.74823
1.53085
1.31009
0.705919
0.673701
4.2241
3.37839
0.683123
1.01327
2.28428
1.99284
1.37878
0.181845
0.932751
0.658102
1.2316
0.391878
1.48951
0.350309
0.725421
2.93732
4.28295
0.768224
2.349
6.75885
4.97808
2.44793
0.379279
0.110847
0.92548
0.20229
3.83828
0.587637
1.40028
1.85679
0.756399
0.0788415
1.34934
2.00235
3.86532
0.125642
1.62311
0.0229413
1.02415
3.85129
0.917304
1.5675
0.206779
0.68108
2.71323
0.625184
0.730305
1.39443
1.98952
0.785305
0.772423
2.13858
0.267986
1.51894
0.269305
1.91193
0.488813
0.530087
3.47765
1.47593
1.18978
1.98523
2.7506
0.192421
4.33586
1.51904
1.02704
2.00604
0.586238
2.03887
0.32065
0.97705
2.03817
2.79856
1.44717
6.04322
0.164011
0.518225
2.4359
2.25324
1.35811
3.92003
0.0813816
1.83753
2.64603
2.34427
2.32341
0.630601
0.382973
5.52963
3.73823
1.9377
1.82207
0.569212
4.92305
0.639395
0.203049
1.28936
0.926181
1.90073
0.274986
1.6501
0.781258
2.74619
3.73852
0.277552
0.0286471
1.50817
1.08321
2.27904
3.88883
3.4163
1.16727
1.36553
3.52071
0.862006
1.48941
0.253544
0.865195
1.78896
1.50708
5.79461
0.422587
1.13523
0.198551
1.7447
0.428036
7.41369
0.353879
0.854726
2.93163
3.27605
3.88669
4.91827
2.28862
3.83546
3.40383
3.90509
0.0862338
0.115869
2.6951
4.19251
1.59124
0.903255
1.44617
0.393862
0.358499
2.21443
0.203564
3.17595
1.56015
15.0229
0.849692
2.00302
3.06355
0.947559
0.913444
4.25374
1.57915
0.988794
2.67846
3.16261
6.4381
1.9864
0.519679
0.369625
0.907014
0.341393
2.03059
4.81051
1.61467
5.52443
1.37517
1.20894
0.18775
0.351272
2.52493
1.85955
3.46599
0.112742
0.14252
0.61184
0.188304
2.02803
0.054486
3.76685
1.94795
0.475515
0.946158
1.23136
0.0464862
0.116848
4.33736
1.19883
0.309768
2.23992
0.275862
3.92101
3.49394
1.65136
0.639874
0.361962
5.80518
1.01428
4.79425
2.7261
3.67577
2.7328
0.0119972
0.507696
0.960792
1.553
10.519
0.335476
5.03319
1.0484
2.50636
0.528999
3.21288
0.720897
2.25824
0.786888
1.11897
6.30989
4.24535
0.43184
